0 0.4161442006269592 0.35772357723577236 0.12068965517241378 0.11614401858304298
0 0.45454545454545453 0.5720092915214866 0.1974921630094044 0.17305458768873402
0 0.43573667711598746 0.6765389082462253 0.13793103448275862 0.026713124274099883
0 0.6912225705329154 0.40418118466898956 0.1567398119122257 0.09988385598141696
0 0.6206896551724138 0.5116144018583043 0.12539184952978055 0.08246225319396051
0 0.5509404388714734 0.3786295005807201 0.13322884012539185 0.15795586527293845
0 0.6285266457680251 0.26422764227642276 0.1567398119122257 0.07781649245063879
0 0.5282131661442006 0.27409988385598144 0.06583072100313479 0.07200929152148665
0 0.4615987460815047 0.45818815331010454 0.09561128526645768 0.08478513356562137
0 0.6253918495297806 0.5993031358885017 0.15047021943573669 0.09291521486643438
