0 0.3814756671899529 0.7383720930232558 0.23547880690737835 0.24418604651162792
0 0.423861852433281 0.5923772609819121 0.1695447409733124 0.047803617571059435
0 0.3116169544740974 0.5962532299741602 0.05494505494505495 0.03488372093023256
0 0.6577708006279436 0.6453488372093024 0.304552590266876 0.18217054263565893
0 0.16169544740973313 0.7189922480620156 0.2229199372056515 0.08139534883720931
0 0.19858712715855575 0.7997416020671835 0.14913657770800628 0.06718346253229975
0 0.21899529042386187 0.8527131782945737 0.08320251177394035 0.031007751937984496
0 0.2025117739403454 0.6543927648578811 0.12244897959183675 0.04005167958656331
0 0.6020408163265306 0.518733850129199 0.09890109890109891 0.03488372093023256
0 0.7237048665620095 0.5206718346253231 0.13500784929356358 0.03875968992248062
0 0.6569858712715856 0.7777777777777778 0.28100470957613816 0.05943152454780362
0 0.827315541601256 0.6698966408268734 0.04395604395604396 0.11498708010335917
