0 0.654874213836478 0.23027166882276845 0.3726415094339623 0.16558861578266496
0 0.5660377358490566 0.3745148771021993 0.1729559748427673 0.11254851228978009
0 0.7106918238993711 0.3389391979301423 0.10377358490566038 0.03622250970245796
0 0.7083333333333334 0.3822768434670117 0.08647798742138366 0.037516170763260026
0 0.39622641509433965 0.3001293661060802 0.16037735849056606 0.2794307891332471
0 0.39858490566037735 0.4657179818887452 0.16509433962264153 0.04139715394566624
0 0.26808176100628933 0.3117723156532989 0.08962264150943397 0.3078913324708927
0 0.14465408805031446 0.32147477360931437 0.13522012578616352 0.09443725743855111
0 0.19339622641509435 0.23803363518758086 0.07861635220125787 0.06727037516170764
0 0.18160377358490568 0.41720569210866754 0.10220125786163523 0.08408796895213455
