1 0.43427230046948356 0.3613348676639816 0.12050078247261346 0.33141542002301494
1 0.5211267605633803 0.3613348676639816 0.05320813771517997 0.2899884925201381
1 0.6189358372456965 0.36823935558112775 0.12989045383411582 0.23014959723820483
1 0.5555555555555556 0.48388952819332565 0.050078247261345854 0.03567318757192175
1 0.282472613458529 0.3722669735327963 0.18622848200312989 0.10701956271576525
1 0.323943661971831 0.45397008055235905 0.12206572769953052 0.05408515535097814
1 0.3622848200312989 0.4810126582278481 0.057902973395931145 0.06444188722669736
1 0.3348982785602504 0.27387802071346373 0.14084507042253522 0.09436133486766399
1 0.34976525821596244 0.21231300345224396 0.051643192488262914 0.026467203682393557
1 0.26134585289514867 0.2807825086306099 0.08763693270735524 0.05293440736478711
1 0.2190923317683881 0.30724971231300346 0.0594679186228482 0.03452243958573072
