1 0.4670846394984326 0.5218642117376294 0.15987460815047022 0.4361334867663982
1 0.25783699059561127 0.4890678941311853 0.26489028213166144 0.16570771001150747
1 0.2836990595611285 0.5983889528193326 0.21630094043887146 0.04602991944764097
1 0.31504702194357365 0.6542002301495973 0.18808777429467083 0.05868814729574223
1 0.28448275862068967 0.7111622554660529 0.2115987460815047 0.07364787111622555
1 0.3346394984326019 0.7761795166858458 0.22727272727272727 0.04487917146144994
1 0.5031347962382445 0.766398158803222 0.10031347962382445 0.03682393555811277
1 0.7092476489028213 0.4108170310701956 0.31504702194357365 0.08285385500575373
1 0.7186520376175548 0.5063291139240507 0.33072100313479624 0.10586881472957423
1 0.609717868338558 0.6455696202531646 0.12539184952978055 0.1565017261219793
1 0.7609717868338558 0.6006904487917146 0.17398119122257052 0.0713463751438435
1 0.7217868338557993 0.6645569620253164 0.10501567398119122 0.04487917146144994
1 0.5940438871473354 0.7410817031070196 0.08150470219435736 0.03222094361334868
1 0.3189655172413793 0.38377445339470656 0.15203761755485892 0.07019562715765247
