1 0.48901098901098905 0.4460390355912744 0.293563579277865 0.304247990815155
1 0.1773940345368917 0.5264064293915041 0.3202511773940346 0.18025258323765786
1 0.27708006279434855 0.38404133180252586 0.11145996860282575 0.09299655568312284
1 0.1750392464678179 0.412743972445465 0.10204081632653061 0.04707233065442021
1 0.7417582417582418 0.3949483352468427 0.19937205651491366 0.07807118254879448
1 0.7668759811616955 0.5241102181400689 0.2590266875981162 0.13432835820895522
1 0.7213500784929356 0.6050516647531573 0.07378335949764521 0.03903559127439724
1 0.5070643642072213 0.2709529276693456 0.15698587127158556 0.025258323765786454
1 0.8822605965463108 0.39839265212399544 0.07535321821036108 0.04362801377726751
1 0.6978021978021979 0.33352468427095294 0.11145996860282575 0.04477611940298508
1 0.48665620094191525 0.6228473019517796 0.2731554160125589 0.04707233065442021
