1 0.5201822916666666 0.35919540229885055 0.08984375 0.28160919540229884
1 0.591796875 0.37739463601532564 0.053385416666666664 0.24904214559386972
1 0.6529947916666666 0.3160919540229885 0.06640625 0.08429118773946359
1 0.6516927083333333 0.4396551724137931 0.061197916666666664 0.10153256704980843
1 0.6087239583333333 0.5095785440613027 0.06901041666666666 0.04980842911877394
1 0.5436197916666666 0.4961685823754789 0.045572916666666664 0.053639846743295014
1 0.36979166666666663 0.3563218390804598 0.1015625 0.1264367816091954
1 0.44596354166666663 0.34770114942528735 0.05078125 0.18582375478927202
1 0.46549479166666663 0.24521072796934865 0.04296875 0.03065134099616858
1 0.439453125 0.4779693486590038 0.07421875 0.07471264367816091
1 0.31119791666666663 0.3726053639846743 0.0625 0.06704980842911877
