1 0.43003144654088055 0.24336793540945792 0.12421383647798742 0.20991926182237602
1 0.46619496855345915 0.11014994232987313 0.12106918238993711 0.04728950403690888
1 0.819182389937107 0.317762399077278 0.14465408805031446 0.12341407151095733
1 0.7845911949685535 0.3690888119953864 0.18553459119496857 0.07151095732410612
1 0.7311320754716981 0.3973471741637832 0.18867924528301888 0.07035755478662054
1 0.6965408805031447 0.45213379469434833 0.10062893081761007 0.04382929642445214
1 0.5817610062893082 0.19896193771626297 0.1949685534591195 0.20876585928489044
1 0.6910377358490566 0.2243367935409458 0.11163522012578617 0.09111880046136102
1 0.44103773584905664 0.3956170703575548 0.13364779874213836 0.07612456747404844
1 0.5786163522012578 0.3765859284890427 0.1069182389937107 0.042675893886966555
1 0.6116352201257862 0.41926182237600923 0.04088050314465409 0.040369088811995385
1 0.36242138364779874 0.28143021914648214 0.055031446540880505 0.0784313725490196
