1 0.4764521193092622 0.45522388059701496 0.23076923076923078 0.3409873708381171
1 0.6554160125588697 0.3777267508610792 0.10204081632653061 0.1515499425947187
1 0.7676609105180534 0.40126291618828935 0.11616954474097332 0.07692307692307693
1 0.7299843014128728 0.5361653272101033 0.2511773940345369 0.1515499425947187
1 0.293563579277865 0.4810562571756602 0.13500784929356358 0.2801377726750861
1 0.32967032967032966 0.3220436280137773 0.08791208791208792 0.02640642939150402
1 0.5204081632653061 0.27210103329506313 0.152276295133438 0.022962112514351322
1 0.1546310832025118 0.5126291618828932 0.1271585557299843 0.19173363949483352
1 0.19623233908948196 0.4024110218140069 0.07849293563579278 0.02640642939150402
1 0.059654631083202514 0.5068886337543054 0.09419152276295134 0.12055109070034443
