1 0.5826833073322933 0.3709862385321101 0.31045241809672386 0.18922018348623854
1 0.6333853354134166 0.5103211009174312 0.12792511700468018 0.08256880733944955
1 0.4882995319812793 0.5137614678899083 0.171606864274571 0.08944954128440367
1 0.2800312012480499 0.4397935779816514 0.2574102964118565 0.1938073394495413
1 0.3884555382215289 0.3371559633027523 0.0967238689547582 0.09403669724770643
1 0.41029641185647425 0.5739678899082569 0.35569422776911075 0.06536697247706422
1 0.23946957878315134 0.6003440366972478 0.1294851794071763 0.028669724770642203
1 0.12870514820592824 0.42603211009174313 0.057722308892355696 0.11811926605504589
1 0.48985959438377535 0.2626146788990826 0.10920436817472699 0.08256880733944955
1 0.5850234009360374 0.2769495412844037 0.062402496099843996 0.047018348623853214
