1 0.5530421216848674 0.3898305084745763 0.20124804992199688 0.3268765133171913
1 0.7160686427457098 0.3940677966101695 0.11856474258970359 0.1900726392251816
1 0.6918876755070203 0.513317191283293 0.07644305772230889 0.0387409200968523
1 0.3790951638065523 0.41283292978208236 0.14040561622464898 0.3026634382566586
1 0.5335413416536662 0.5799031476997579 0.171606864274571 0.06537530266343826
1 0.4297971918876755 0.602905569007264 0.2293291731669267 0.07506053268765134
1 0.2870514820592824 0.3837772397094431 0.14040561622464898 0.08958837772397095
1 0.3166926677067083 0.32506053268765134 0.11544461778471139 0.05447941888619855
1 0.2792511700468019 0.5163438256658596 0.1310452418096724 0.10048426150121066
1 0.1747269890795632 0.534503631961259 0.093603744149766 0.06174334140435836
