1 0.46316614420062696 0.3197004608294931 0.11442006269592477 0.18778801843317972
1 0.36990595611285265 0.3738479262672811 0.06896551724137931 0.16474654377880185
1 0.20689655172413793 0.4210829493087558 0.2507836990595611 0.05184331797235023
1 0.3103448275862069 0.3686635944700461 0.050156739811912224 0.04608294930875576
1 0.6050156739811912 0.4447004608294931 0.3730407523510972 0.04377880184331797
1 0.46473354231974917 0.4976958525345622 0.1018808777429467 0.059907834101382486
1 0.6731974921630094 0.506336405529954 0.15830721003134796 0.05184331797235023
1 0.7946708463949843 0.5357142857142857 0.07836990595611285 0.06682027649769585
1 0.8236677115987461 0.35368663594470046 0.10501567398119122 0.09907834101382489
1 0.8871473354231975 0.402073732718894 0.050156739811912224 0.0576036866359447
1 0.5775862068965517 0.326036866359447 0.09561128526645768 0.16589861751152074
1 0.7092476489028213 0.37442396313364057 0.13009404388714732 0.08525345622119816
1 0.3832288401253918 0.2638248847926267 0.03605015673981191 0.04608294930875576
