1 0.7555220883534136 0.2622767857142857 0.10943775100401605 0.20535714285714285
1 0.8544176706827309 0.2784598214285714 0.08835341365461846 0.09263392857142856
1 0.7424698795180722 0.45591517857142855 0.07931726907630521 0.13058035714285712
1 0.7505020080321284 0.375 0.071285140562249 0.04241071428571428
1 0.30371485943775095 0.6356026785714285 0.2399598393574297 0.1171875
1 0.44226907630522083 0.5133928571428571 0.20582329317269074 0.14955357142857142
1 0.6551204819277108 0.5608258928571428 0.11546184738955823 0.21763392857142855
1 0.6109437751004015 0.45647321428571425 0.05522088353413654 0.055803571428571425
1 0.553714859437751 0.5703125 0.07931726907630521 0.140625
1 0.7720883534136546 0.6902901785714285 0.12449799196787148 0.2421875
1 0.7650602409638554 0.5474330357142857 0.1144578313253012 0.047991071428571425
1 0.5657630522088353 0.7075892857142857 0.28413654618473894 0.09598214285714285
1 0.447289156626506 0.7572544642857142 0.1475903614457831 0.1328125
