1 0.5783699059561128 0.2862903225806452 0.15987460815047022 0.2799539170506912
1 0.7155172413793103 0.23214285714285715 0.11128526645768025 0.11866359447004608
1 0.79858934169279 0.22753456221198157 0.045454545454545456 0.08179723502304148
1 0.7844827586206896 0.33352534562211983 0.26802507836990597 0.07258064516129033
1 0.744514106583072 0.3738479262672811 0.16927899686520376 0.04953917050691244
1 0.7178683385579937 0.4141705069124424 0.14733542319749215 0.044930875576036866
1 0.4349529780564263 0.28513824884792627 0.1238244514106583 0.24769585253456222
1 0.4733542319749216 0.1595622119815668 0.06896551724137931 0.03341013824884793
1 0.28448275862068967 0.26497695852534564 0.15203761755485892 0.20046082949308755
1 0.317398119122257 0.3726958525345622 0.11128526645768025 0.04032258064516129
1 0.16536050156739812 0.22465437788018433 0.09247648902821316 0.09907834101382489
1 0.17084639498432602 0.31394009216589863 0.07523510971786834 0.0748847926267281
1 0.11442006269592477 0.2563364055299539 0.10031347962382445 0.13248847926267282
