1 0.5235109717868338 0.330848623853211 0.3134796238244514 0.26720183486238536
1 0.7343260188087773 0.3291284403669725 0.09561128526645768 0.14678899082568808
1 0.7272727272727273 0.43004587155963303 0.08150470219435736 0.04128440366972477
1 0.6630094043887147 0.4799311926605505 0.12539184952978055 0.05389908256880734
1 0.47648902821316613 0.5223623853211009 0.21003134796238243 0.10894495412844038
1 0.3158307210031348 0.28841743119266056 0.11442006269592477 0.17775229357798167
1 0.27899686520376177 0.43520642201834864 0.1755485893416928 0.10665137614678899
1 0.21865203761755486 0.32568807339449546 0.07366771159874608 0.08256880733944955
1 0.14968652037617555 0.4168577981651376 0.11442006269592477 0.07683486238532111
1 0.29310344827586204 0.5280963302752294 0.1567398119122257 0.07912844036697247
1 0.15203761755485892 0.33256880733944955 0.07836990595611285 0.04357798165137615
