1 0.41355140186915884 0.4050343249427918 0.24143302180685358 0.2517162471395881
1 0.46261682242990654 0.25915331807780323 0.22118380062305296 0.03318077803203661
1 0.4797507788161994 0.2219679633867277 0.11526479750778816 0.041189931350114416
1 0.3543613707165109 0.2723112128146453 0.11059190031152648 0.038901601830663615
1 0.2546728971962617 0.41418764302059496 0.16355140186915887 0.18306636155606407
1 0.26947040498442365 0.3100686498855835 0.07476635514018691 0.034324942791762014
1 0.37772585669781933 0.5377574370709383 0.16978193146417445 0.06407322654462243
1 0.6853582554517134 0.39702517162471396 0.29283489096573206 0.07780320366132723
1 0.7250778816199377 0.46281464530892447 0.37227414330218067 0.04004576659038902
1 0.6269470404984423 0.29576659038901604 0.15109034267912771 0.14302059496567507
1 0.6207165109034267 0.5354691075514875 0.16666666666666666 0.05034324942791762
1 0.6285046728971962 0.4937070938215103 0.16355140186915887 0.03546910755148741
