1 0.7391742195367573 0.3299086757990867 0.16314199395770393 0.3287671232876712
1 0.8766364551863042 0.3242009132420091 0.12185297079556898 0.2146118721461187
1 0.8615307150050352 0.4703196347031963 0.08157099697885196 0.0547945205479452
1 0.7391742195367573 0.5353881278538812 0.15307150050352467 0.07534246575342465
1 0.5820745216515609 0.44863013698630133 0.17522658610271905 0.5159817351598173
1 0.6022155085599195 0.16952054794520546 0.04833836858006042 0.03538812785388128
1 0.41540785498489424 0.4731735159817351 0.14400805639476336 0.521689497716895
1 0.49697885196374625 0.7705479452054794 0.297079556898288 0.05251141552511415
1 0.2990936555891239 0.4765981735159817 0.09264853977844914 0.4052511415525114
1 0.3192346424974824 0.2482876712328767 0.04833836858006042 0.03538812785388128
1 0.20443101711983888 0.4823059360730593 0.14904330312185296 0.3230593607305936
