1 0.41705790297339596 0.4098737083811711 0.5320813771517997 0.6268656716417911
1 0.7312206572769954 0.3668197474167624 0.09624413145539906 0.42365097588978184
1 0.8196400625978091 0.3358208955223881 0.06807511737089202 0.24454649827784156
1 0.8838028169014085 0.3754305396096441 0.04460093896713615 0.1653272101033295
1 0.8708920187793427 0.5218140068886338 0.1705790297339593 0.10907003444316878
1 0.8215962441314554 0.6320321469575201 0.26917057902973396 0.08840413318025259
1 0.8082942097026604 0.7365097588978187 0.24256651017214398 0.10907003444316878
1 0.926056338028169 0.39035591274397247 0.032081377151799685 0.0711825487944891
1 0.11111111111111112 0.39667049368541907 0.07668231611893583 0.4535017221584386
1 0.045774647887323945 0.43570608495981633 0.0539906103286385 0.21469575200918484
1 0.11502347417840376 0.6739380022962113 0.07198748043818466 0.07347876004592423
1 0.056338028169014086 0.576923076923077 0.04225352112676056 0.0677382319173364
1 0.05125195618153365 0.25774971297359356 0.032081377151799685 0.07692307692307693
