1 0.6123244929797192 0.5097701149425288 0.20124804992199688 0.23333333333333334
1 0.751170046801872 0.5758620689655173 0.0858034321372855 0.14022988505747125
1 0.826833073322933 0.6045977011494252 0.0655226209048362 0.07586206896551724
1 0.734009360374415 0.4839080459770115 0.0670826833073323 0.06206896551724138
1 0.5998439937597504 0.6637931034482758 0.2355694227769111 0.07471264367816091
1 0.43681747269890797 0.506896551724138 0.15288611544461778 0.22758620689655173
1 0.312792511700468 0.5258620689655172 0.07644305772230889 0.18045977011494252
1 0.32839313572542905 0.42528735632183906 0.0670826833073323 0.04597701149425287
1 0.19890795631825273 0.5477011494252874 0.15132605304212168 0.14367816091954022
1 0.18330733229329174 0.47183908045977013 0.0982839313572543 0.05862068965517241
