1 0.7987421383647799 0.24913494809688583 0.09433962264150944 0.265282583621684
1 0.8765723270440252 0.16666666666666669 0.055031446540880505 0.08419838523644753
1 0.9221698113207548 0.2710495963091119 0.1430817610062893 0.1061130334486736
1 0.9378930817610064 0.17704728950403692 0.06446540880503145 0.058823529411764705
1 0.9158805031446542 0.33448673587081895 0.12421383647798742 0.025374855824682817
1 0.8726415094339623 0.3615916955017301 0.04402515723270441 0.02191464821222607
1 0.4677672955974843 0.27970011534025374 0.5707547169811321 0.15570934256055363
1 0.7130503144654089 0.16839677047289506 0.0959119496855346 0.07381776239907728
1 0.6328616352201258 0.17704728950403692 0.12106918238993711 0.04498269896193772
1 0.13128930817610063 0.25317185697808536 0.10220125786163523 0.1903114186851211
1 0.07940251572327045 0.2450980392156863 0.1179245283018868 0.1118800461361015
