1 0.5039123630672927 0.2977142857142857 0.13771517996870108 0.34171428571428575
1 0.6971830985915494 0.2771428571428572 0.25508607198748046 0.14285714285714288
1 0.621283255086072 0.4028571428571429 0.09389671361502347 0.10400000000000001
1 0.6940532081377152 0.3965714285714286 0.04225352112676056 0.08914285714285715
1 0.7566510172143975 0.37028571428571433 0.07981220657276995 0.03885714285714286
1 0.6658841940532082 0.17142857142857143 0.18622848200312989 0.07542857142857143
1 0.38810641627543035 0.31142857142857144 0.08450704225352113 0.35085714285714287
1 0.29107981220657275 0.31028571428571433 0.10641627543035995 0.28
1 0.32629107981220656 0.4611428571428572 0.03912363067292645 0.028571428571428574
1 0.31533646322378717 0.15942857142857145 0.04225352112676056 0.024
1 0.22300469483568075 0.3211428571428572 0.048513302034428794 0.2537142857142857
1 0.17918622848200313 0.3474285714285715 0.06729264475743349 0.18742857142857144
