1 0.4571651090342679 0.3248847926267281 0.40031152647975077 0.27880184331797236
1 0.6915887850467289 0.35599078341013823 0.07476635514018691 0.2764976958525346
1 0.7694704049844237 0.3444700460829493 0.07165109034267912 0.1935483870967742
1 0.7593457943925234 0.47119815668202764 0.048286604361370715 0.03225806451612903
1 0.4470404984423676 0.5144009216589862 0.3894080996884735 0.09331797235023041
1 0.6993769470404985 0.5132488479262672 0.102803738317757 0.04262672811059908
1 0.3660436137071651 0.5610599078341014 0.3426791277258567 0.027649769585253454
1 0.21962616822429906 0.38018433179723504 0.06853582554517133 0.3225806451612903
1 0.15809968847352024 0.3680875576036866 0.05763239875389408 0.26152073732718895
1 0.1043613707165109 0.3876728110599078 0.056074766355140186 0.18087557603686635
1 0.117601246105919 0.2759216589861751 0.04205607476635514 0.03110599078341014
1 0.20249221183800623 0.21831797235023043 0.102803738317757 0.019585253456221197
1 0.16433021806853582 0.5161290322580645 0.045171339563862926 0.04377880184331797
