1 0.5743348982785602 0.26804123711340205 0.3192488262910798 0.24742268041237114
1 0.8004694835680751 0.2663230240549828 0.13302034428794993 0.1706758304696449
1 0.7652582159624414 0.1741122565864834 0.07511737089201878 0.048109965635738834
1 0.7738654147104852 0.3734249713631157 0.11111111111111112 0.03665521191294387
1 0.564945226917058 0.43757159221076747 0.28794992175273865 0.07101947308132875
1 0.744131455399061 0.4020618556701031 0.08607198748043819 0.03665521191294387
1 0.46870109546165883 0.4936998854524628 0.11737089201877934 0.03207331042382589
1 0.28012519561815336 0.28465063001145474 0.27230046948356806 0.15463917525773196
1 0.37402190923317685 0.1775486827033219 0.09076682316118936 0.06872852233676977
1 0.3004694835680751 0.18900343642611683 0.056338028169014086 0.050400916380297825
1 0.2636932707355243 0.2027491408934708 0.03599374021909233 0.03665521191294387
1 0.1189358372456964 0.3087056128293242 0.0594679186228482 0.14318442153493702
1 0.257433489827856 0.43356242840778925 0.3176838810641628 0.09278350515463918
1 0.3020344287949922 0.5131729667812143 0.1971830985915493 0.057273768613974804
1 0.2934272300469484 0.37800687285223367 0.2895148669796557 0.018327605956471937
