1 0.6315104166666666 0.30268199233716475 0.20833333333333331 0.27586206896551724
1 0.7565104166666666 0.22413793103448273 0.08333333333333333 0.04980842911877394
1 0.50390625 0.29885057471264365 0.08072916666666666 0.20689655172413793
1 0.46354166666666663 0.3457854406130268 0.057291666666666664 0.08237547892720307
1 0.5651041666666666 0.49425287356321834 0.18489583333333331 0.14942528735632182
1 0.4388020833333333 0.5306513409961685 0.125 0.21455938697318006
1 0.392578125 0.5565134099616857 0.25651041666666663 0.18582375478927202
1 0.26822916666666663 0.5670498084291188 0.049479166666666664 0.05747126436781609
1 0.435546875 0.6839080459770115 0.26432291666666663 0.04980842911877394
1 0.412109375 0.7796934865900382 0.26953125 0.09961685823754789
1 0.615234375 0.7710727969348659 0.11328125 0.07088122605363985
