1 0.3925576519916143 0.4320987654320988 0.22327044025157233 0.4264870931537599
1 0.6975890985324948 0.4320987654320988 0.3805031446540881 0.186307519640853
1 0.6509433962264152 0.5555555555555556 0.2830188679245283 0.05611672278338946
1 0.6153039832285115 0.6133557800224467 0.23060796645702308 0.04826038159371493
1 0.39832285115303984 0.7368125701459035 0.23060796645702308 0.17845117845117847
1 0.2127882599580713 0.4107744107744108 0.14046121593291405 0.24466891133557803
1 0.2531446540880503 0.2665544332210999 0.1268343815513627 0.04377104377104377
1 0.7651991614255765 0.2985409652076319 0.24109014675052412 0.07631874298540967
1 0.6236897274633124 0.3198653198653199 0.11949685534591195 0.03815937149270483
1 0.2248427672955975 0.5763187429854097 0.11215932914046123 0.06621773288439955
1 0.14255765199161427 0.4702581369248036 0.06708595387840671 0.1661054994388328
1 0.2688679245283019 0.6728395061728396 0.09119496855345913 0.13804713804713806
1 0.5859538784067087 0.675645342312009 0.13836477987421383 0.05611672278338946
