1 0.5508607198748043 0.28110599078341014 0.13771517996870108 0.1774193548387097
1 0.6220657276995305 0.30184331797235026 0.07042253521126761 0.0944700460829493
1 0.43114241001564946 0.29377880184331795 0.10485133020344288 0.14746543778801843
1 0.43114241001564946 0.41935483870967744 0.12363067292644758 0.08986175115207373
1 0.5539906103286385 0.38940092165898615 0.13145539906103287 0.03225806451612903
1 0.5070422535211268 0.4205069124423963 0.07511737089201878 0.03686635944700461
1 0.3536776212832551 0.2638248847926267 0.10954616588419405 0.08755760368663594
1 0.3395931142410016 0.3490783410138249 0.10015649452269171 0.06912442396313365
1 0.35837245696400627 0.3980414746543779 0.09076682316118936 0.026497695852534562
1 0.3967136150234742 0.4279953917050691 0.13302034428794993 0.024193548387096774
